69
128
129
130
131
70
132
133
134
135
136
137
138
139
140
141
142
143
144
145
146
147
73
161
162
163
164
165
166
167
169
170
171
172
98
33011
46537
99
100
156
157
159
33013
241417
376281
376283
191
229
230
231
232
244
245
246
247
272
376377
23313
33019
33021
168345
54
117
33017
33023
33025
67
168353
68
71
81
256
241421
376475
86
89
90
91
94
95
96
44231
168439
241455
376477
376479
376481
376483
376485
376487
121
122
173
181
198
269
241419
271
281
283
376489
376491
376495
376497
376499
65
101
102
103
104
106
107
108
109
110
111
72
154
155
76
77
78
212
213
214
215
216
217
218
219
220
221
80
250
251
252
254
255
82
105
261
262
263
264
265
266
267
83
84
274
275
276
277
278
279
282
280
33009
55
74
182
183
184
75
201
202
203
204
205
206
209
79
168357
112
113
115
376387
125
126
150
152
253
33015
174
175
176
177
178
180
168347
376445
185
168351
376447
188
189
190
195
45675
241433
199
224
376449
233
235
236
240
243
168359
168361
248
45655
376451
44223
376455
376453
268
168365
45651
45685
243127
376457
376459
376461
376465
376463
241423
45671
45721
376467
376469
376471
168363
376473